0  0  0  0  0  0  0  0  0  0  0  0  0  0  0  0  
0  0  2251  426  2354  0  1991  0  1991  64  2203  12  0  0  0  0  
0  0  2004  0  2107  3743  13401  12475  18835  6894  1986  214  105  0  0  0  
0  0  2120  0  2019  5163  7289  6580  7428  10203  2213  246  412  206  0  0  
0  0  2401  0  1986  5027  3002  9816  11922  5249  2152  243  0  0  0  0  
0  0  2388  0  2003  3148  11092  9107  12537  6798  1884  29  271  83  0  0  
0  0  2402  0  1988  0  2005  0  2074  0  1836  0  0  0  0  0  
0  0  2478  0  2006  0  2099  0  2124  200  2399  0  306  90  0  0  
0  2873  828  0  2948  2383  704  0  6351  4960  5964  4234  4289  638  0  0  
0  0  0  0  0  0  0  0  2503  277  2347  108  2050  0  0  0  
0  0  0  0  0  0  0  503  1930  3292  12339  8828  6151  0  0  0  
0  0  0  0  0  0  0  508  1928  5955  10451  8403  12834  53  0  0  
0  0  0  0  0  0  0  24  2460  5125  9607  8088  10009  1859  0  0  
0  0  0  0  0  0  0  0  2447  5091  12722  4848  7424  4026  0  0  
0  0  0  0  0  0  0  0  2460  6171  9325  5052  10771  243  0  0  
0  0  0  0  0  0  0  0  2538  0  2475  0  2014  0  0  0  
